# Pad layout
# 81 82 83 84 85 86 87 88
# 71 72 73 74 75 76 77 78
# 61 62 63 64 65 66 67 68
# 51 52 53 54 55 56 57 58
# 41 42 43 44 45 46 47 48
# 31 32 33 34 35 36 37 38
# 21 22 23 24 25 26 27 28
# 11 12 13 14 15 16 17 18

MIDI notes
77 78 79 80 81 82 83 84
72 73 74 75 76 77 78 79
67 68 69 70 71 72 73 74
62 63 64 65 66 67 68 69
57 58 59 60 61 62 63 64
52 53 54 55 56 57 58 59
47 48 49 50 51 52 53 54
42 43 44 45 46 47 48 49

Colour map
red [127, 0, 0]
green [0, 127, 0]
blue  [0, 0, 127]
yellow [127, 0, 0]
cyan  [0, 127, 127]

# Colours (MIDI notes)
Colours
green [48, 60, 72, 84]  # 'C' notes
blue [43, 55, 67, 79]   # 'E' notes
yellow [45, 57, 69, 81] # 'A' notes
cyan default
red active

